0.13436424411240122 0.7474634341555553
0.8474337369372327 -0.8183890459789518
0.763774618976614 -0.9962570173162119
0.2550690257394217 0.9994928434703693
0.49543508709194095 0.02867826121927997
0.4494910647887381 0.31205663525394123
0.651592972722763 -0.8148594822282192
0.7887233511355132 -0.970546825412592
0.0938595867742349 0.5561426130101277
0.02834747652200631 0.1771721994496844
0.8357651039198697 -0.8582849810008765
0.43276706790505337 0.4099844114051139
0.762280082457942 -0.9970247953987172
0.0021060533511106927 0.013232337289274018
0.4453871940548014 0.3364479340592844
0.7215400323407826 -0.9840543959712543
0.22876222127045265 0.9911099666327952
0.9452706955539223 -0.33713715251636006
0.9014274576114836 -0.5805056504406875
0.030589983033553536 0.19102133083310294
0.0254458609934608 0.1592007845981564
0.5414124727934966 -0.25727598991278144
0.9391491627785106 -0.3730898239114498
0.38120423768821243 0.6790118594865704
0.21659939713061338 0.9780596359622594
0.4221165755827173 0.4700575576399625
0.029040787574867943 0.1814577909701065
0.22169166627303505 0.9842234117954691
0.43788759365057206 0.38043235495510175
0.49581224138185065 0.02630942730438703
0.23308445025757263 0.9943572200697444
0.2308665415409843 0.9927823872693825
0.2187810373376886 0.9808233069693626
0.4596034657377336 0.2511023360407942
0.28978161459048557 0.9689234905115629
0.021489705265908876 0.13461389479980815
0.8375779756625729 -0.8523840714167217
0.5564543226524334 -0.34732121882762884
0.6422943629324456 -0.7796219077332887
0.1859062658947177 0.9200011887500227
0.9925434121760651 -0.04683398501901194
0.8599465287952899 -0.7707273542970703
0.12088995980580641 0.6886126164175475
0.3326951853601291 0.8680232379011081
0.7214844075832684 -0.9839921709660688
0.7111917696952796 -0.9704182059482104
0.9364405867994596 -0.3888247032163332
0.4221069999614152 0.47011066092568365
0.830035693274327 -0.8761986163361534
0.670305566414071 -0.8772299979105336
0.3033685109329176 0.9443036586379537
0.5875806061435594 -0.5229303286685102
0.8824790008318577 -0.6731100958093474
0.8461974184283128 -0.8228283144485395
0.5052838205796004 -0.03319312553402028
0.5890022579825517 -0.5305232105338461
0.034525830151341586 0.2152347316492331
0.24273997354306764 0.9989597664928848
0.7974042475543028 -0.9559697453953823
0.4143139993007743 0.5127467057949969
0.17300740157905092 0.8852529424552613
0.548798761388153 -0.30183006206184104
0.7030407620656315 -0.9567865590860957
0.6744858305023272 -0.8895352052596445
0.3747030205016403 0.7084249945401673
0.4389616300445631 0.3741827884837946
0.5084264882499818 -0.05292045470185985
0.7784426150001458 -0.984073783040964
0.5209384176131452 -0.1311807790739916
0.39325509496422606 0.6215329580765587
0.4896935204622582 0.06471226978489462
0.029574963966907064 0.18475737266130438
0.04348729035652743 0.2698514008142168
0.703382088603836 -0.9574079941497272
0.9831877173096739 -0.10543833975484364
0.5931837303800576 -0.5526083730075552
0.393599686377914 0.6198353643621813
0.17034919685568128 0.8773615705407651
0.5022385584334831 -0.014064813702712241
0.9820766375385342 -0.11237792028387042
0.7705231398308006 -0.9916973741291579
0.5396174484497788 -0.24636104356716446
0.8602897789205496 -0.7693513863142485
0.23217612806301458 0.9937355940578367
0.513771663187637 -0.08642197116714827
0.9524673882682695 -0.29423616635497607
0.5777948078012031 -0.4695660379565594
0.45913173191066836 0.2539702552366959
0.2692794774414212 0.9926719382363076
0.5479963094662489 -0.29701943980454987
0.9571162814602269 -0.2661978043163891
0.005709129450392925 0.035863825733809446
0.7836552326153898 -0.9777250879766066
0.8204859119254819 -0.9035229014520431
0.8861795808260082 -0.6557342862605805
0.7405034118331963 -0.998220343880001
0.8091399008724796 -0.9317523039839127
0.518678283523002 -0.11708990103374434
0.561357864778379 -0.3760436475486126
0.4260906796881502 0.4478738706773843
0.05612329752074041 0.3453700578995286
0.8700101551766398 -0.728924947138449
0.5699993338763802 -0.4257755045179771
0.19983942017714307 0.9507442487104615
0.5047204674288633 -0.02965522324430454
0.48492511222773416 0.0945767483882925
0.3567899645449557 0.78321201689313
0.3460779190181549 0.8232547756217595
0.5384787957378443 -0.23942094274737777
0.6234894527975051 -0.7003638497025899
0.6124524647827256 -0.6492209069558094
0.4581468000997244 0.25995095424332815
0.027974984083842358 0.17486830334934841
0.22960503127702392 0.9918006119117503
0.1772112589385827 0.8972279547051234
0.5844608707784413 -0.5061227812032157
0.8610088608533248 -0.766457248600978
0.798438940577426 -0.9540416899724405
0.7970975626354962 -0.9565334654475114
0.8164373705606909 -0.9141304988601361
0.25529404008730594 0.9994468229579182
0.841744832274096 -0.8384029787867657
0.6731135254387071 -0.8855628790025358
0.08323413780389788 0.49946014055580407
0.0166906301155596 0.10467820405160262
0.014559974924812313 0.09135546815991723
0.7555867752521982 -0.9993839619364226
0.2495592256534228 0.999996165029001
0.10948862729435938 0.6349450065616212
0.6248020841524763 -0.706226917737342
0.3444228640964949 0.8291133877588412
0.06951537853084733 0.4230221538913904
0.1596255246938475 0.8430648438569737
0.5273803990480128 -0.1711887668276981
0.16814494622242826 0.8706321323375463
0.2729144368186801 0.9896533971328214
0.7115899271852729 -0.971019153735076
0.4547016300456639 0.2807908904617672
0.3220017663873259 0.899400400164641
0.4737710141702789 0.1640566010377224
0.023634577631987064 0.14795523447105569
0.38655710476146987 0.6539415628190407
0.4209186792090759 0.47668743131487434
0.18803930475131292 0.9251709685031512
0.10876169244541334 0.6314097661616698
0.8998185003560202 -0.5887074695447898
0.5101159809286764 -0.06351779447802376
0.2090909925517701 0.9671469880139327
0.6056486400340165 -0.6161222515069129
0.8170396683778869 -0.9125897058196099
0.020818108509287336 0.1304313496201332
0.017864520827795327 0.11201054165571481
0.146461740399346 0.7957507823608764
0.7188354727617898 -0.9808899105033089
0.16022759262970465 0.8450932978390446
0.7046056278520025 -0.959599422489949
0.6781757952769475 -0.8998875209131386
0.5447021635789044 -0.2771935620157014
0.22059974802267657 0.9829863889287885
0.9755945178178834 -0.15274390636396912
0.797810857706151 -0.9552168793628514
0.516599516949393 -0.10410885114919027
0.22319578024667075 0.9858515353556738
0.6485064180992564 -0.8034654089712399
0.3948980098582996 0.6134132772456771
0.5758459627880567 -0.4587200676650549
0.32124580934512525 0.9014665146210127
0.6309478612713469 -0.7330325559932824
0.058785116206491295 0.36101659670010217
0.29860594962301334 0.953726702312038
0.9679033101508892 -0.20030522539911752
0.8755342442351592 -0.7047292172789934
0.30638662033324593 0.9378938796525687
0.8585144063565593 -0.7764294711694154
0.31036362735313405 0.9289329917215338
0.9392884321352825 -0.37227780915773623
0.7438421186671211 -0.9992515923932436
0.4161722627650255 0.5026878316436756
0.25235810227983535 0.9998902392483447
0.008480262463668842 0.053257851572662655
0.8787178982088466 -0.6903971713041632
0.03791653059858058 0.23598938864886843
0.8194141106127972 -0.9063883186934353
0.962201125180818 -0.23527095090190953
0.5702805702451802 -0.4273737259832924
0.17151709517771863 0.8808589666473515
0.8677810644349934 -0.7384414156680754
0.9737752361596916 -0.1640304328617537
0.7040231423300713 -0.9585632228362143
0.5088737460778905 -0.05572650800669621
0.37796883434360806 0.6937943431337731
0.34693088456262167 0.820200619296451
0.2057617572947047 0.9616180058453032
0.6741530142468641 -0.888577886113354
0.4329501211003163 0.4089350907186777
0.1941186449851896 0.9389905172100709
0.10442422284151531 0.6100444937616253
0.6659575282786826 -0.8637889907062143
0.29607267308315155 0.958391544042448
0.4997999222368016 0.0012571253309021158
0.3253456548759963 0.8900184408669319
0.8716215074235552 -0.721956590439584
0.8996782696347811 -0.5894194711884276
0.018092983640471738 0.11343686653746109
0.2008530114407594 0.9526990649828632
0.3277407050962675 0.8830569250410104
0.9870497179280261 -0.08127926215789877
0.7827003757293756 -0.9789667258516689
0.3390956478509337 0.847358960037859
0.21302979638081376 0.9731416265572393
0.6744550697237632 -0.8894468874405872
0.8377010701539643 -0.8519793797597462
0.9321874718936273 -0.4133032611544498
0.3438498147908198 0.8311210202538153
0.8823932024664636 -0.6735086756380404
0.6871101821536574 -0.9229394565702215
0.48449872261249405 0.09724348194939496
0.9855082298257978 -0.09092870871625712
0.23464043487103847 0.9953468132357761
0.7254651862412724 -0.9881413556950178
0.0846802304164842 0.5073110110810584
0.16969414179438758 0.8753792456733144
0.9109877835080679 -0.530576249215939
0.21296819499142416 0.9730524512750598
0.7591161827164402 -0.9983600256993932
0.6002088301322496 -0.5888462721056322
0.8411321957058551 -0.8404948314741194
0.3681079994056491 0.7370546800663875
0.34028523500198804 0.8433662696486236
0.29121528741113467 0.9666559771806115
0.8674198235869027 -0.7399700400917697
0.6039825288917112 -0.6078431343624117
0.9543074571721899 -0.28316704944330706
0.8872651047169627 -0.6505696166018364
0.13534597739545295 0.7515468823870421
0.5511704740692165 -0.31600293479044456
0.1042749980146136 0.6093012965377269
0.03913779859691058 0.2434390890650473
0.07319341883234853 0.4438475794380531
0.866168357366572 -0.7452362071794774
0.7881164487252263 -0.9714584338881591
0.8285059714691135 -0.8807903496533434
0.3408974641165834 0.8412930261777773
0.6151860325590366 -0.6621882009655345
0.7819036016327547 -0.9799758347419559
0.3780396288383874 0.69347393072484
0.5707815255990233 -0.4302172666135815
0.2237140727487692 0.986392168902919
0.08174326235239371 0.4913229813648964
0.26672364298173634 0.9944844112091347
0.8907681278553053 -0.6336978603261736
0.5644468332401974 -0.39395570507533806
0.9250672021084733 -0.453614237744276
0.4577692590412453 0.26224083058033887
0.2771827661076983 0.9854500648521595
0.7870146635603288 -0.9730772801832591
0.8277681566457297 -0.8829759714379528
0.012381744486666624 0.07771834332096829
0.670411639023931 -0.8775497573935686
0.09168312261651779 0.5447257471030713
0.1151024984279273 0.6617948121412262
0.8850600703796611 -0.6610287013099385
0.04002353689016469 0.24883312495649376
0.2396333648675093 0.9978794338914537
0.9881584986060327 -0.07433372160940863
0.4210135874302673 0.4761631326395632
0.1155581805922733 0.6639385464386388
0.16738343746133177 0.8682684154931422
0.24142028509784308 0.9985473189272749
0.7440064165370084 -0.999290991356839
0.1028341459863098 0.6020978396566924
0.9107644182793333 -0.5317653386105923
0.3782772705442261 0.6923973730521144
0.9702640365282106 -0.18575145232025478
0.9092227281507113 -0.5399438692613545
0.29402358494854774 0.9619872126574484
0.2534101360411267 0.9997704609736129
0.47701009597226784 0.14394800863543616
0.10012914395045203 0.5884415237192758
0.6520501994894172 -0.8165213838699004
0.039620213413704475 0.24637788084900775
0.010506151518672291 0.06596416494992866
0.9825836265504634 -0.10921202801602135
0.2955498600489178 0.9593240777756014
0.5965706431884413 -0.5702180371731386
0.44984453463009777 0.30994585566479804
0.31328086106892794 0.9219908626451331
0.06296479004764532 0.3853798593483722
0.9133920171659404 -0.5177115830629017
0.9698132768381156 -0.18853362070452856
0.9697965044964699 -0.18863711351376342
0.1113623101268919 0.6439958794516157
0.21519327003609845 0.9761809448679173
0.6178068800115557 -0.6744374063602473
0.979952885890077 -0.12562692049283944
0.5429131974847156 -0.26637633833305213
0.6881898080477126 -0.9255294730832989
0.6618344288753493 -0.8504476748471758
0.259085991853645 0.9983708672605648
0.5416022629129655 -0.25842815168299116
0.3073211178125135 0.935840727916832
0.24638119608509224 0.9997415115555064
0.08136876538378779 0.489272183649977
0.2807867235646755 0.981349003473001
0.9833767172194025 -0.10425736366305045
0.4479022405332955 0.3215252956889337
0.6520105345126705 -0.8163774786366577
0.6434660802698416 -0.7842112676322105
0.940734522249 -0.36382959939214343
0.39047855113892316 0.6351043129121372
0.3067842948515136 0.9370241110073262
0.3272414146871332 0.8845247273054802
0.3167351468856021 0.9133703649191888
0.847134765826215 -0.8194671035713261
0.893500245521601 -0.6203255480022781
0.3028093296725163 0.9454540143044836
0.33433340565076186 0.8628665075416515
0.5442254141821842 -0.27431419944092167
0.5789854363170839 -0.47615773867582584
0.5959625400010043 -0.5670751001003322
0.2450980038952486 0.9995257128791524
0.020374028446252357 0.127664444191456
0.24375929982791578 0.9992313285856947
0.07232753387141089 0.4389657761536283
0.551204754915506 -0.31620728325047665
0.07091636753953445 0.4309819343630134
0.07512979225452299 0.4547169723441812
0.6353820935630572 -0.7516965605660975
0.2908215504193956 0.9672865368995023
0.7921847578822924 -0.965078185859492
0.49326104275013793 0.04232946610022314
0.8626489777797094 -0.7597977134647252
0.15417959616284405 0.8241721998504787
0.5014295859466933 -0.008982232629387129
0.794983493746024 -0.9603226151967874
0.0771069862639161 0.46574603828055927
0.9492279489729363 -0.3136268582365685
0.1732421083716036 0.8859378801010357
0.7762089829859355 -0.9864715382411947
0.9848958711440725 -0.09475965039476351
0.8215501447435144 -0.9006371753205842
0.3197840027930057 0.9054040655763583
0.1068777345815598 0.6221865514176178
0.5143582510552492 -0.09009322677872117
0.919356939210688 -0.4852904230046186
0.29348949437066774 0.9628982421079462
0.8937587976957898 -0.6190505379657938
0.14168064702669492 0.7772012387123934
0.9104816743927341 -0.5332690291563861
0.03175994589733666 0.1982318342090599
0.3160686777608829 0.9150672272048093
0.9030882837141124 -0.571977207708658
0.8038562809839719 -0.9432906918245194
0.9071537669967973 -0.5508397713013398
0.8407185222467378 -0.8419002811571198
0.7461848854045222 -0.999712707611475
0.6895951793002646 -0.928837131039437
0.1781548656443236 0.8998301610055162
0.43263800097623695 0.4107239392543385
0.15789694375216057 0.8371740623975666
0.7148244519688113 -0.9756755561601508
0.667778739685542 -0.8694979147972864
0.2525864077938834 0.9998679573645471
0.0644141933476613 0.39376719943765603
0.9633858833215757 -0.2280294001076752
0.8082526283723965 -0.9337620291954691
0.5492699313925192 -0.30465111357631514
0.5413776519849807 -0.2570645629324822
0.8512926663313799 -0.8042163341162425
0.45330967762221785 0.289174083227474
0.39571044472076744 0.6093738209215807
0.33866914489505884 0.8487789430148106
0.2579690924717717 0.9987466951057915
0.024408502825104206 0.15276266288974003
0.6464388440000969 -0.7956636476220716
0.4166838822984099 0.49990631996931695
0.5706036315777225 -0.42920798482382183
0.062321630803521044 0.38164777577811343
0.3549434436862958 0.7903727613323024
0.13828411395509788 0.7635963814359279
0.12512901528549036 0.7076797486088444
0.259112968915828 0.9983611814861392
0.8289343809851581 -0.8795125867593984
0.39779731306487276 0.5989253091690259
0.40108215192090135 0.5822709090482975
0.612444922992939 -0.6491848640878778
0.23352965329584996 0.9946500761204637
0.007477173042134244 0.046963183440150935
0.5287017398867132 -0.17936244702627457
0.5008996195572266 -0.005652446284167842
0.6488395923408533 -0.8047099535706911
0.4383169556417158 0.37793606067048213
0.6865131306582006 -0.9214888882633487
0.7314219491610718 -0.9931948634018365
0.23837467516202382 0.9973334678123924
0.4950722507160109 0.03095701522395893
0.47882688758179337 0.13264252378918778
0.225062085038767 0.9877492892471038
0.4122461329173408 0.523857940581675
0.560407434487989 -0.37050355897611553
0.9069395045058483 -0.5519628676526426
0.9177065838382222 -0.4943307637240389
0.27522536346579907 0.9874658392157837
0.6464151756425885 -0.7955735578026247
0.0481973433614038 0.2982253323592922
0.07155138822789708 0.4345788701563727
0.5116917092002066 -0.0733951205405327
0.877424078946487 -0.6962552823502483
0.15946773075783105 0.8425312167403375
0.7660278587973122 -0.9949334342250105
0.8830095693755464 -0.6706409772400492
0.3118020318353023 0.9255488871420386
0.6925569646028146 -0.9355704863266658
0.8489911224865752 -0.8127266650971511
0.3716143307475649 0.7219877908561998
0.7012826629078087 -0.9535160360014906
0.7364181165753182 -0.9963609656075227
0.5945778048409015 -0.5598873809426209
0.8562771389130047 -0.7852113522946955
0.8966043711163488 -0.6049108418893333
0.9600788169648591 -0.24821019339107084
0.5712326942175455 -0.432774558844556
0.17627589520647535 0.8946173533769218
0.2505954088773793 0.9999930022270753
0.21761868850658306 0.9793737652987241
0.5695173495977943 -0.4230333757653836
0.7577501146664367 -0.9988146129524414
0.05213322114218644 0.3217362688729615
0.6816364556074682 -0.9091570735459219
0.7171532633675107 -0.9787786925742091
0.3479815079568077 0.8164063527635643
0.5150558042933419 -0.09445738013985079
0.16479815203117487 0.860095744090169
0.7298961504869986 -0.9920327094634664
0.040708687336548866 0.25300032798556776
0.981221058148159 -0.1177179820512752
0.8079437334476703 -0.9344548874881543
0.6284485019821408 -0.7222608918554273
0.2675262446471117 0.9939428467555391
0.9128628900924319 -0.5205530985007404
0.9594388378770715 -0.25210344767610904
0.13912615902147096 0.7670018671067399
0.7757572503157156 -0.9869328573312014
0.8419308585435238 -0.8377653303241555
0.6597173563139825 -0.8433750183411728
0.7004077664167305 -0.9518451177379921
0.44505873211451163 0.33839068888965773
0.9243078026249281 -0.45786136325765187
0.9712075281962813 -0.17992325825705055
0.3823533128201745 0.6736939179803719
0.8027115308003568 -0.9456540088375447
0.4329215913805363 0.4090986680090169
0.16475421868327378 0.8599548936118462
0.32546727685726395 0.889669775615509
0.1263300748348425 0.7129913867301753
0.9088847599027046 -0.5417300170756137
0.9594240800441438 -0.25219317776186767
0.11918673240587485 0.6808132201821323
0.6006790811870585 -0.5912317993554119
0.40822409770858314 0.5452145262796947
0.11809003100178916 0.6757498975496649
0.295475514811817 0.9594558457945683
0.2482163710806481 0.9999372036782165
0.7495768111897567 -0.9999964649314751
0.004008955954045934 0.025186349551118363
0.18983870393308366 0.9294029315105045
0.43877307011993694 0.37528121586031893
0.02103467308587126 0.1317803196950296
0.6275265885374804 -0.7182425474259844
0.6056275385785042 -0.6160178159531006
0.8353323508828638 -0.85967715949344
0.20660581568518466 0.9630596781370533
0.2847816135615888 0.9762151710693603
0.5423394307527486 -0.2628997870397438
0.2732256972129319 0.9893709023342837
0.585738083402959 -0.5130276314747142
0.25088222945000915 0.9999846364445913
0.6835271525859573 -0.9140401049183656
0.7910907183680019 -0.9668561112863548
0.8086546201638074 -0.9328550856789336
0.9736161095498469 -0.16501663037846312
0.5453770038258688 -0.28126505036461713
0.49080927982901434 0.05771490832089655
0.8556976997986436 -0.7874605806701441
0.7690673858593793 -0.9928320900958876
0.5705446293870352 -0.42887311739339135
0.3832563847662638 0.669489825363867
0.2840474457335592 0.9772048786335614
0.10813920873416805 0.6283720220424633
0.8075490893732804 -0.9353349613927342
0.11807153053066555 0.6756642074878134
0.7472652346880435 -0.9998523752481543
0.545287089768146 -0.2807228656508083
0.9649453287863279 -0.21847846506826363
0.7610656598531885 -0.9975839305427081
0.9735197845800538 -0.16561353055806308
0.13659401293980755 0.7566966923534634
0.5003714738318865 -0.002334036803306425
0.5725782871654547 -0.4403808498843275
0.3112514573124735 0.9268531580844406
0.5030324882064976 -0.019052532479911243
0.35681876360334597 0.7830994976657579
0.5283939713514435 -0.1774597058902114
0.0008447179488895173 0.005307494486615305
0.4423143321124289 0.3545658786757926
0.4495521437392589 0.3116920060669278
0.3047991882212113 0.9413074182849995
0.3994027475965406 0.5908170620914941
0.7830873111719908 -0.9784678224410033
0.6834128839628029 -0.9137486432418612
0.4922991328917098 0.04836709704904712
0.6476682418421831 -0.8003189125859231
0.377558211851013 0.6956500911572066
0.20391405043667976 0.9583677282962452
0.003875657877555727 0.024349069988333857
0.27762125160942186 0.9849780567296852
0.598164198713661 -0.5784146057058007
0.8816629330706961 -0.6768932375062193
0.8294212499885301 -0.878052728292966
0.5109602078711931 -0.06881059916375833
0.987018145049427 -0.08147698244342663
0.46158097386980335 0.23905630471160916
0.8345934861668383 -0.8620394123459683
0.4089653412809712 0.5413043694032578
0.7446306177387316 -0.9994309673367691
0.9875916912226816 -0.07788474575987418
0.30533659236797617 0.9401622779398996
0.17031282521328428 0.8772518922288891
0.6200337087276608 -0.6847014848039534
0.5309561803740346 -0.19327934017613546
0.359422031985154 0.7728229496237164
0.003519242097051234 0.022110248359485288
0.3891626416098043 0.6414690331073732
0.4258694721036601 0.44911613223895824
0.405252071738319 0.5607727320850716
0.8612453089775505 -0.7655021787412143
0.5844280270821319 -0.5059447902722075
0.7338307924531678 -0.9948437538989767
0.8979091716371104 -0.59836233308023
0.7487734635751375 -0.9999703046470276
0.4927020519050469 0.045838292864903075
0.7457683402868462 -0.9996465519176848
0.6403554004952637 -0.7719347183480146
0.6487454346633404 -0.8043585926618907
0.6296753586886549 -0.727570785342625
0.4069989749884928 0.5516512423633883
0.6292620312875881 -0.7257866984169193
0.6337325109456275 -0.7448207374020799
0.9371179595389777 -0.38490003679235363
0.782473685370823 -0.9792563260258376
0.8462680666010907 -0.8225759719660221
0.7674997901425722 -0.9939611001470272
0.8153258619910289 -0.9169395616583259
0.6054623947302108 -0.6152001103626626
0.3494500883866837 0.8110430747483346
0.26458325831813634 0.9958049707024101
0.7080200270648295 -0.9654144538575611
0.8739420748131903 -0.7117913628243532
0.5442467578028801 -0.27444315861062685
0.1520699669575002 0.8165930816570333
0.8329752851974283 -0.8671480527211979
0.48454307891146764 0.09696610018964236
0.4671026282781843 0.2052315452530569
0.04538805984571925 0.28133171233222976
0.5102809227900958 -0.06455202774671284
0.7447476654547172 -0.9994555035079171
0.4225978111457399 0.46738659401449056
0.3551773135885514 0.7894716859911529
0.6568435388988518 -0.8335357218960897
0.01974138739808462 0.12372097082004736
0.5071635969746414 -0.044995010959835095
0.9461270955326195 -0.3320663994497456
0.6904475919384765 -0.9308080855198078
0.40192372825721256 0.5779638509301145
0.6889082362934618 -0.9272293861401196
0.6049939193159586 -0.6128768644921848
0.2088893914825677 0.9668241952690435
0.2077083307298535 0.964901996706606
0.8860252896990286 -0.6564658970214933
0.2690692102056307 0.9928307200363626
0.07488477751012912 0.4533453239473343
0.8306775905962271 -0.8742477131879621
0.5231977675764631 -0.1452403285616616
0.3682081659729527 0.7366291883423003
0.5115189221326331 -0.07231235240621824
0.7367256883512614 -0.996523822168567
0.16855360788759777 0.8718923999677719
0.6530669982365253 -0.8201930090311871
0.713436998399841 -0.9737274319546381
0.8150034439283779 -0.917746031649383
0.26976063367613834 0.9923020782281201
0.6096663306641944 -0.6358072042422488
0.23211387837349717 0.9936918070438412
0.5610446736195358 -0.3742195180217317
0.1723629719288945 0.8833624277571084
0.7897676248812812 -0.9689452297496834
0.8667178646504996 -0.7429295368008716
0.32964356032052855 0.8773834057305085
0.22231856181299336 0.9849126852115491
0.9637884170558321 -0.2255661128785767
0.706690313251521 -0.9632025111642293
0.8437926222446576 -0.8313207988569179
0.030534474937409795 0.190678973815532
0.8993933116527743 -0.5908648947657853
0.6224520608976366 -0.6956964580148746
0.3165291542410674 0.9138965435957989
0.43176562289240816 0.4157153849134563
0.761592993501026 -0.9973482724908236
0.785411955930974 -0.9753488523778214
0.18990086818143226 0.9295470141665411
0.6258865053379801 -0.7110344310259911
0.16562952750215765 0.8627487701322926
0.9730498312350108 -0.16852483221990358
0.44357655630583415 0.34713927244237913
0.913145005203284 -0.5190387994568665
0.7282478447867935 -0.9906747992356859
0.6062599043956083 -0.6191428192890644
0.261984031344887 0.9971664530825949
0.5265923229048832 -0.16630815437690274
0.13861974163698576 0.7649563288103796
0.13809799323879335 0.7628407650837777
0.7157497662356598 -0.9769335844114719
0.36108976833344886 0.7661306344523403
0.7513763114866316 -0.9999626095662185
0.2404936039137613 0.9982166670763837
0.7181581423147705 -0.9800530079581263
0.7184769263967773 -0.9804491063917637
0.3054958810525106 0.9398207938010419
0.10638543387964139 0.6197619953600338
0.3970078551871341 0.6028901653343232
0.49236150032733617 0.04797568581982533
0.09997421469778434 0.5876541726353812
0.18676126036778584 0.9220933085432158
0.055343052815480465 0.34076516679383945
0.5975135715550439 -0.5750750157023489
0.8888761233719161 -0.6428490505947867
0.2165577909596218 0.9780051423436829
0.03471343587681974 0.21638571598020204
0.7039235944191828 -0.9583848492506868
0.8149105587896851 -0.9179776682143752
0.9641215867338897 -0.22352620384310162
0.6131789568237019 -0.6526860295181831
0.34244316565189636 0.8360033645277386
0.8378686180306556 -0.8514277220099408
0.11806710521312225 0.6756437090494101
0.6926369381896267 -0.9357478171276661
0.0952308492516365 0.5632824405836364
0.3997057470173988 0.5892799946951974
0.49502288140217887 0.03126706160490052
0.377894273032341 0.6941316555432686
0.16859757880447968 0.8720276590523477
0.2317173126022275 0.9934092903510008
0.8201499974998944 -0.9044253698361016
0.46257580479248983 0.2329822019198127
0.5799327447235099 -0.4813833237311186
0.2119070176161595 0.9714933983479831
0.7149350587865332 -0.9758276700369583
0.33011725914726364 0.8759515049438509
0.5936185874860408 -0.5548835082543244
0.9094870627958156 -0.538545174633417
0.9943934088859884 -0.03521996543276092
0.04621794831314552 0.2863316037908687
0.797442711928691 -0.9558987931534222
0.8575878253608825 -0.7800852652429059
0.3195744372072056 0.905962303437941
0.3831476259821177 0.6699972770779765
0.5802537596763331 -0.4831502612412005
0.9188402309707125 -0.48812651193524065
0.39992859333804187 0.588148167728328
0.8800301687734118 -0.6844089132584764
0.7585605282041756 -0.9985538073189637
0.1522730797062255 0.817329053827719
0.9136799203638493 -0.516163080990886
0.015181052589951283 0.09524079050302785
0.1451782500468748 0.7908409591288418
0.6648112128866874 -0.8601376046044504
0.05711968663889244 0.3512385190070253
0.3794898856741835 0.6868800343499968
0.12997885852693347 0.728877688632603
0.4628892738532562 0.2310663680512923
0.8399803437546011 -0.844394095725118
0.9060843513491861 -0.5564353264923467
0.03546964032188504 0.22102205893947957
0.060851756668864554 0.3730951838322832
0.8406240353653226 -0.8422205014065638
0.0428147832556115 0.26578027432192675
0.273590265071345 0.989035214885576
0.11743671769283648 0.6727183722964725
0.09103770695709379 0.5413204733594076
0.027622889724836064 0.17268969019666316
0.6375130126648525 -0.7604590625702523
0.7446142679398566 -0.9994274969766118
0.6867713765586763 -0.9221179030777391
0.8456227719182262 -0.8248748205680047
0.6630161884986934 -0.8543303006762761
0.38970192767534384 0.6388659218438442
0.6310630237160113 -0.7335245432506716
0.9695948083687032 -0.18988150394175787
0.6416033330232526 -0.7768954700519224
0.24309173409213014 0.9990581111742416
0.0601840957099572 0.3691997855719624
0.9351659997400953 -0.3961904501706265
0.5904954982942084 -0.5384528464836492
0.3496147426104088 0.8104374413542383
0.6053527496610309 -0.6146568396432163
0.5602575960634735 -0.3696289352268734
0.5221717727865457 -0.13885919567863933
0.06080464202945668 0.37282051289607343
0.3532275523761348 0.7969315836373838
0.4126500229395509 0.5216946153886544
0.199368340608838 0.9498225923303618
0.880105231228507 -0.6840649715275697
0.4241197773808294 0.4589113337169386
0.6623856654024448 -0.8522645889985395
0.7135464494458958 -0.9738838027263981
0.7432830602725053 -0.9991095527840181
0.7211152909126985 -0.9835762113524535
0.7522085016390995 -0.9999037239588061
0.25158069415076423 0.9999506801367699
0.9764036766928967 -0.1477175165645529
0.15100975378386006 0.8127298729947283
0.9186473950993009 -0.4891836255334885
0.8545687752075629 -0.7918127603834829
0.8521642911799676 -0.800949357381852
0.052811254837533905 0.32576703006063423
0.09121808344389948 0.5422730553814027
0.8130558022323219 -0.9225374913332529
0.4691668264651879 0.19252098126507308
0.37025319113792565 0.7278786958476197
0.9846874722293574 -0.09606308568146449
0.04011793528964003 0.2494075479319601
0.5314650538056048 -0.19641540305686542
0.44334977615070714 0.3484752117958525
0.12820312302867765 0.7211937197250348
0.3951882627859874 0.6119719586329101
0.7076474048105019 -0.9648013964887687
0.8823156092024081 -0.6738689697855798
0.024619711463343408 0.1540740151374424
0.5245095586030891 -0.153390131738559
0.09037659503525841 0.5378231556513997
0.8003934571550348 -0.9502896700827451
0.08578527943670455 0.513282151798169
0.034193321017138345 0.2131940132353788
0.3842362020772886 0.6649040820619041
0.7326061745063001 -0.994033939578921
0.3132066930474475 0.9221712075700839
0.1300048996530475 0.7289897011516393
0.7945722220851718 -0.9610400905472587
0.806919381895185 -0.9367273257158615
0.8558597987725721 -0.7868324058774966
0.30374447326405685 0.9435236693351777
0.42483036101897353 0.4549399416070967
0.24538999425425345 0.9995805286442317
0.5571774930165061 -0.3515785625737873
0.33010716678974783 0.8759820931525157
0.3386633359590182 0.848798241017732
0.7836214184097365 -0.97776965925086
0.9562961600402223 -0.27116129555199586
0.5841403192367585 -0.5043846854085369
0.10468793011995758 0.6113565460951996
0.6525749326846105 -0.8184203483763148
0.4486117178480802 0.3173010411646477
0.988030557026313 -0.07513535416023798
0.7193814951479868 -0.9815516374943499
0.834786106507209 -0.8614253667592444
0.701286260188212 -0.9535228468104409
0.5356190057863918 -0.2219372423651853
0.8968183918281254 -0.6038394944884109
0.831617064708009 -0.8713667630350823
0.291325887614329 0.9664777892823883
0.15703189522008743 0.834188968669857
0.3703518687876949 0.7274534114746921
0.5210776725725857 -0.13204813242533572
0.09738008983062874 0.5743886803321372
0.34537928645586036 0.8257387108036967
0.57490566421198 -0.4534622944032499
0.043574618551851296 0.27037970374366593
0.8149486765188295 -0.9178826482063864
0.651117045683278 -0.8131224666927563
0.3136501715897636 0.9210898773796663
0.2983209812551685 0.9542635343166993
0.35261614078782044 0.7992462984975051
0.325288696205143 0.8901815509957541
0.7485137769587532 -0.9999563991892412
0.5010568574712526 -0.006640382533264841
0.526128397299826 -0.16343311517623957
0.14875649897091658 0.8043998950806805
0.9144180024177262 -0.5121855655324273
0.32557292867233356 0.889366471862848
0.32756445238821197 0.8835760618212094
0.06884613969783304 0.41920823729867285
0.9794115817517957 -0.12900035645983715
0.4796978418092589 0.12721655209920535
0.9128847372842237 -0.5204358884877242
0.9276172424974835 -0.4392775128415021
0.9697521431783417 -0.18891083247983798
0.8156292877315128 -0.9161771603659754
0.9254432251913127 -0.45150740870743494
0.9222893236500579 -0.46909926091380705
0.8013676781661853 -0.9483659342619515
